{
  "cells": [
    {
      "metadata": {
        "trusted": true
      },
      "cell_type": "code",
      "source": "import numpy as np\nimport pandas as pd\nimport seaborn as sns\nimport matplotlib.pyplot as plt",
      "execution_count": 1,
      "outputs": []
    },
    {
      "metadata": {
        "trusted": true
      },
      "cell_type": "code",
      "source": "df = pd.read_csv(\"Movie_regression.csv\", header=0)",
      "execution_count": 2,
      "outputs": []
    },
    {
      "metadata": {
        "trusted": true
      },
      "cell_type": "code",
      "source": "df.head()",
      "execution_count": 3,
      "outputs": [
        {
          "output_type": "execute_result",
          "execution_count": 3,
          "data": {
            "text/plain": "   Marketing expense  Production expense  Multiplex coverage     Budget  \\\n0            20.1264               59.62               0.462  36524.125   \n1            20.5462               69.14               0.531  35668.655   \n2            20.5458               69.14               0.531  39912.675   \n3            20.6474               59.36               0.542  38873.890   \n4            21.3810               59.36               0.542  39701.585   \n\n   Movie_length  Lead_ Actor_Rating  Lead_Actress_rating  Director_rating  \\\n0         138.7               7.825                8.095            7.910   \n1         152.4               7.505                7.650            7.440   \n2         134.6               7.485                7.570            7.495   \n3         119.3               6.895                7.035            6.920   \n4         127.7               6.920                7.070            6.815   \n\n   Producer_rating  Critic_rating  Trailer_views 3D_available  Time_taken  \\\n0            7.995           7.94         527367          YES      109.60   \n1            7.470           7.44         494055           NO      146.64   \n2            7.515           7.44         547051           NO      147.88   \n3            7.020           8.26         516279          YES      185.36   \n4            7.070           8.26         531448           NO      176.48   \n\n   Twitter_hastags     Genre  Avg_age_actors  Num_multiplex  Collection  \n0          223.840  Thriller              23            494       48000  \n1          243.456     Drama              42            462       43200  \n2         2022.400    Comedy              38            458       69400  \n3          225.344     Drama              45            472       66800  \n4          225.792     Drama              55            395       72400  ",
            "text/html": "<div>\n<table border=\"1\" class=\"dataframe\">\n  <thead>\n    <tr style=\"text-align: right;\">\n      <th></th>\n      <th>Marketing expense</th>\n      <th>Production expense</th>\n      <th>Multiplex coverage</th>\n      <th>Budget</th>\n      <th>Movie_length</th>\n      <th>Lead_ Actor_Rating</th>\n      <th>Lead_Actress_rating</th>\n      <th>Director_rating</th>\n      <th>Producer_rating</th>\n      <th>Critic_rating</th>\n      <th>Trailer_views</th>\n      <th>3D_available</th>\n      <th>Time_taken</th>\n      <th>Twitter_hastags</th>\n      <th>Genre</th>\n      <th>Avg_age_actors</th>\n      <th>Num_multiplex</th>\n      <th>Collection</th>\n    </tr>\n  </thead>\n  <tbody>\n    <tr>\n      <th>0</th>\n      <td>20.1264</td>\n      <td>59.62</td>\n      <td>0.462</td>\n      <td>36524.125</td>\n      <td>138.7</td>\n      <td>7.825</td>\n      <td>8.095</td>\n      <td>7.910</td>\n      <td>7.995</td>\n      <td>7.94</td>\n      <td>527367</td>\n      <td>YES</td>\n      <td>109.60</td>\n      <td>223.840</td>\n      <td>Thriller</td>\n      <td>23</td>\n      <td>494</td>\n      <td>48000</td>\n    </tr>\n    <tr>\n      <th>1</th>\n      <td>20.5462</td>\n      <td>69.14</td>\n      <td>0.531</td>\n      <td>35668.655</td>\n      <td>152.4</td>\n      <td>7.505</td>\n      <td>7.650</td>\n      <td>7.440</td>\n      <td>7.470</td>\n      <td>7.44</td>\n      <td>494055</td>\n      <td>NO</td>\n      <td>146.64</td>\n      <td>243.456</td>\n      <td>Drama</td>\n      <td>42</td>\n      <td>462</td>\n      <td>43200</td>\n    </tr>\n    <tr>\n      <th>2</th>\n      <td>20.5458</td>\n      <td>69.14</td>\n      <td>0.531</td>\n      <td>39912.675</td>\n      <td>134.6</td>\n      <td>7.485</td>\n      <td>7.570</td>\n      <td>7.495</td>\n      <td>7.515</td>\n      <td>7.44</td>\n      <td>547051</td>\n      <td>NO</td>\n      <td>147.88</td>\n      <td>2022.400</td>\n      <td>Comedy</td>\n      <td>38</td>\n      <td>458</td>\n      <td>69400</td>\n    </tr>\n    <tr>\n      <th>3</th>\n      <td>20.6474</td>\n      <td>59.36</td>\n      <td>0.542</td>\n      <td>38873.890</td>\n      <td>119.3</td>\n      <td>6.895</td>\n      <td>7.035</td>\n      <td>6.920</td>\n      <td>7.020</td>\n      <td>8.26</td>\n      <td>516279</td>\n      <td>YES</td>\n      <td>185.36</td>\n      <td>225.344</td>\n      <td>Drama</td>\n      <td>45</td>\n      <td>472</td>\n      <td>66800</td>\n    </tr>\n    <tr>\n      <th>4</th>\n      <td>21.3810</td>\n      <td>59.36</td>\n      <td>0.542</td>\n      <td>39701.585</td>\n      <td>127.7</td>\n      <td>6.920</td>\n      <td>7.070</td>\n      <td>6.815</td>\n      <td>7.070</td>\n      <td>8.26</td>\n      <td>531448</td>\n      <td>NO</td>\n      <td>176.48</td>\n      <td>225.792</td>\n      <td>Drama</td>\n      <td>55</td>\n      <td>395</td>\n      <td>72400</td>\n    </tr>\n  </tbody>\n</table>\n</div>"
          },
          "metadata": {}
        }
      ]
    },
    {
      "metadata": {
        "trusted": true
      },
      "cell_type": "code",
      "source": "df.info()",
      "execution_count": 4,
      "outputs": [
        {
          "output_type": "stream",
          "text": "<class 'pandas.core.frame.DataFrame'>\nRangeIndex: 506 entries, 0 to 505\nData columns (total 18 columns):\nMarketing expense      506 non-null float64\nProduction expense     506 non-null float64\nMultiplex coverage     506 non-null float64\nBudget                 506 non-null float64\nMovie_length           506 non-null float64\nLead_ Actor_Rating     506 non-null float64\nLead_Actress_rating    506 non-null float64\nDirector_rating        506 non-null float64\nProducer_rating        506 non-null float64\nCritic_rating          506 non-null float64\nTrailer_views          506 non-null int64\n3D_available           506 non-null object\nTime_taken             494 non-null float64\nTwitter_hastags        506 non-null float64\nGenre                  506 non-null object\nAvg_age_actors         506 non-null int64\nNum_multiplex          506 non-null int64\nCollection             506 non-null int64\ndtypes: float64(12), int64(4), object(2)\nmemory usage: 71.2+ KB\n",
          "name": "stdout"
        }
      ]
    },
    {
      "metadata": {},
      "cell_type": "markdown",
      "source": "### Missing Value Imputation"
    },
    {
      "metadata": {
        "trusted": true
      },
      "cell_type": "code",
      "source": "df.corr()",
      "execution_count": 5,
      "outputs": [
        {
          "output_type": "execute_result",
          "execution_count": 5,
          "data": {
            "text/plain": "                     Marketing expense  Production expense  \\\nMarketing expense             1.000000            0.406583   \nProduction expense            0.406583            1.000000   \nMultiplex coverage           -0.420972           -0.763651   \nBudget                       -0.219247           -0.391676   \nMovie_length                  0.352734            0.644779   \nLead_ Actor_Rating            0.380050            0.706481   \nLead_Actress_rating           0.379813            0.707956   \nDirector_rating               0.380069            0.707566   \nProducer_rating               0.376462            0.705819   \nCritic_rating                -0.184985           -0.251565   \nTrailer_views                -0.443457           -0.591657   \nTime_taken                    0.026019            0.015888   \nTwitter_hastags               0.013518           -0.000839   \nAvg_age_actors                0.059204            0.055810   \nNum_multiplex                 0.383298            0.707559   \nCollection                   -0.389582           -0.484754   \n\n                     Multiplex coverage    Budget  Movie_length  \\\nMarketing expense             -0.420972 -0.219247      0.352734   \nProduction expense            -0.763651 -0.391676      0.644779   \nMultiplex coverage             1.000000  0.302188     -0.731470   \nBudget                         0.302188  1.000000     -0.240265   \nMovie_length                  -0.731470 -0.240265      1.000000   \nLead_ Actor_Rating            -0.768589 -0.208464      0.746904   \nLead_Actress_rating           -0.769724 -0.203981      0.746493   \nDirector_rating               -0.769157 -0.201907      0.747021   \nProducer_rating               -0.764873 -0.205397      0.746707   \nCritic_rating                  0.145555  0.232361     -0.217830   \nTrailer_views                  0.581386  0.602536     -0.589318   \nTime_taken                     0.035922  0.040773     -0.019984   \nTwitter_hastags                0.004882  0.030674      0.009380   \nAvg_age_actors                -0.092104 -0.064694      0.075198   \nNum_multiplex                 -0.915495 -0.282796      0.673896   \nCollection                     0.429300  0.696304     -0.377999   \n\n                     Lead_ Actor_Rating  Lead_Actress_rating  Director_rating  \\\nMarketing expense              0.380050             0.379813         0.380069   \nProduction expense             0.706481             0.707956         0.707566   \nMultiplex coverage            -0.768589            -0.769724        -0.769157   \nBudget                        -0.208464            -0.203981        -0.201907   \nMovie_length                   0.746904             0.746493         0.747021   \nLead_ Actor_Rating             1.000000             0.997905         0.997735   \nLead_Actress_rating            0.997905             1.000000         0.998097   \nDirector_rating                0.997735             0.998097         1.000000   \nProducer_rating                0.994073             0.994003         0.994126   \nCritic_rating                 -0.169978            -0.165992        -0.166638   \nTrailer_views                 -0.490267            -0.487536        -0.486452   \nTime_taken                     0.038494             0.038432         0.036300   \nTwitter_hastags                0.014463             0.010239         0.010077   \nAvg_age_actors                 0.036794             0.038005         0.041470   \nNum_multiplex                  0.706331             0.708257         0.709364   \nCollection                    -0.251355            -0.249459        -0.246650   \n\n                     Producer_rating  Critic_rating  Trailer_views  \\\nMarketing expense           0.376462      -0.184985      -0.443457   \nProduction expense          0.705819      -0.251565      -0.591657   \nMultiplex coverage         -0.764873       0.145555       0.581386   \nBudget                     -0.205397       0.232361       0.602536   \nMovie_length                0.746707      -0.217830      -0.589318   \nLead_ Actor_Rating          0.994073      -0.169978      -0.490267   \nLead_Actress_rating         0.994003      -0.165992      -0.487536   \nDirector_rating             0.994126      -0.166638      -0.486452   \nProducer_rating             1.000000      -0.167003      -0.487911   \nCritic_rating              -0.167003       1.000000       0.228641   \nTrailer_views              -0.487911       0.228641       1.000000   \nTime_taken                  0.028988      -0.015033       0.075145   \nTwitter_hastags             0.005850      -0.023655      -0.006704   \nAvg_age_actors              0.032542      -0.049797      -0.049726   \nNum_multiplex               0.703518      -0.128769      -0.544100   \nCollection                 -0.248200       0.341288       0.720119   \n\n                     Time_taken  Twitter_hastags  Avg_age_actors  \\\nMarketing expense      0.026019         0.013518        0.059204   \nProduction expense     0.015888        -0.000839        0.055810   \nMultiplex coverage     0.035922         0.004882       -0.092104   \nBudget                 0.040773         0.030674       -0.064694   \nMovie_length          -0.019984         0.009380        0.075198   \nLead_ Actor_Rating     0.038494         0.014463        0.036794   \nLead_Actress_rating    0.038432         0.010239        0.038005   \nDirector_rating        0.036300         0.010077        0.041470   \nProducer_rating        0.028988         0.005850        0.032542   \nCritic_rating         -0.015033        -0.023655       -0.049797   \nTrailer_views          0.075145        -0.006704       -0.049726   \nTime_taken             1.000000        -0.006390        0.072849   \nTwitter_hastags       -0.006390         1.000000       -0.004840   \nAvg_age_actors         0.072849        -0.004840        1.000000   \nNum_multiplex         -0.057580         0.006255        0.078811   \nCollection             0.111092         0.023122       -0.047426   \n\n                     Num_multiplex  Collection  \nMarketing expense         0.383298   -0.389582  \nProduction expense        0.707559   -0.484754  \nMultiplex coverage       -0.915495    0.429300  \nBudget                   -0.282796    0.696304  \nMovie_length              0.673896   -0.377999  \nLead_ Actor_Rating        0.706331   -0.251355  \nLead_Actress_rating       0.708257   -0.249459  \nDirector_rating           0.709364   -0.246650  \nProducer_rating           0.703518   -0.248200  \nCritic_rating            -0.128769    0.341288  \nTrailer_views            -0.544100    0.720119  \nTime_taken               -0.057580    0.111092  \nTwitter_hastags           0.006255    0.023122  \nAvg_age_actors            0.078811   -0.047426  \nNum_multiplex             1.000000   -0.391729  \nCollection               -0.391729    1.000000  ",
            "text/html": "<div>\n<table border=\"1\" class=\"dataframe\">\n  <thead>\n    <tr style=\"text-align: right;\">\n      <th></th>\n      <th>Marketing expense</th>\n      <th>Production expense</th>\n      <th>Multiplex coverage</th>\n      <th>Budget</th>\n      <th>Movie_length</th>\n      <th>Lead_ Actor_Rating</th>\n      <th>Lead_Actress_rating</th>\n      <th>Director_rating</th>\n      <th>Producer_rating</th>\n      <th>Critic_rating</th>\n      <th>Trailer_views</th>\n      <th>Time_taken</th>\n      <th>Twitter_hastags</th>\n      <th>Avg_age_actors</th>\n      <th>Num_multiplex</th>\n      <th>Collection</th>\n    </tr>\n  </thead>\n  <tbody>\n    <tr>\n      <th>Marketing expense</th>\n      <td>1.000000</td>\n      <td>0.406583</td>\n      <td>-0.420972</td>\n      <td>-0.219247</td>\n      <td>0.352734</td>\n      <td>0.380050</td>\n      <td>0.379813</td>\n      <td>0.380069</td>\n      <td>0.376462</td>\n      <td>-0.184985</td>\n      <td>-0.443457</td>\n      <td>0.026019</td>\n      <td>0.013518</td>\n      <td>0.059204</td>\n      <td>0.383298</td>\n      <td>-0.389582</td>\n    </tr>\n    <tr>\n      <th>Production expense</th>\n      <td>0.406583</td>\n      <td>1.000000</td>\n      <td>-0.763651</td>\n      <td>-0.391676</td>\n      <td>0.644779</td>\n      <td>0.706481</td>\n      <td>0.707956</td>\n      <td>0.707566</td>\n      <td>0.705819</td>\n      <td>-0.251565</td>\n      <td>-0.591657</td>\n      <td>0.015888</td>\n      <td>-0.000839</td>\n      <td>0.055810</td>\n      <td>0.707559</td>\n      <td>-0.484754</td>\n    </tr>\n    <tr>\n      <th>Multiplex coverage</th>\n      <td>-0.420972</td>\n      <td>-0.763651</td>\n      <td>1.000000</td>\n      <td>0.302188</td>\n      <td>-0.731470</td>\n      <td>-0.768589</td>\n      <td>-0.769724</td>\n      <td>-0.769157</td>\n      <td>-0.764873</td>\n      <td>0.145555</td>\n      <td>0.581386</td>\n      <td>0.035922</td>\n      <td>0.004882</td>\n      <td>-0.092104</td>\n      <td>-0.915495</td>\n      <td>0.429300</td>\n    </tr>\n    <tr>\n      <th>Budget</th>\n      <td>-0.219247</td>\n      <td>-0.391676</td>\n      <td>0.302188</td>\n      <td>1.000000</td>\n      <td>-0.240265</td>\n      <td>-0.208464</td>\n      <td>-0.203981</td>\n      <td>-0.201907</td>\n      <td>-0.205397</td>\n      <td>0.232361</td>\n      <td>0.602536</td>\n      <td>0.040773</td>\n      <td>0.030674</td>\n      <td>-0.064694</td>\n      <td>-0.282796</td>\n      <td>0.696304</td>\n    </tr>\n    <tr>\n      <th>Movie_length</th>\n      <td>0.352734</td>\n      <td>0.644779</td>\n      <td>-0.731470</td>\n      <td>-0.240265</td>\n      <td>1.000000</td>\n      <td>0.746904</td>\n      <td>0.746493</td>\n      <td>0.747021</td>\n      <td>0.746707</td>\n      <td>-0.217830</td>\n      <td>-0.589318</td>\n      <td>-0.019984</td>\n      <td>0.009380</td>\n      <td>0.075198</td>\n      <td>0.673896</td>\n      <td>-0.377999</td>\n    </tr>\n    <tr>\n      <th>Lead_ Actor_Rating</th>\n      <td>0.380050</td>\n      <td>0.706481</td>\n      <td>-0.768589</td>\n      <td>-0.208464</td>\n      <td>0.746904</td>\n      <td>1.000000</td>\n      <td>0.997905</td>\n      <td>0.997735</td>\n      <td>0.994073</td>\n      <td>-0.169978</td>\n      <td>-0.490267</td>\n      <td>0.038494</td>\n      <td>0.014463</td>\n      <td>0.036794</td>\n      <td>0.706331</td>\n      <td>-0.251355</td>\n    </tr>\n    <tr>\n      <th>Lead_Actress_rating</th>\n      <td>0.379813</td>\n      <td>0.707956</td>\n      <td>-0.769724</td>\n      <td>-0.203981</td>\n      <td>0.746493</td>\n      <td>0.997905</td>\n      <td>1.000000</td>\n      <td>0.998097</td>\n      <td>0.994003</td>\n      <td>-0.165992</td>\n      <td>-0.487536</td>\n      <td>0.038432</td>\n      <td>0.010239</td>\n      <td>0.038005</td>\n      <td>0.708257</td>\n      <td>-0.249459</td>\n    </tr>\n    <tr>\n      <th>Director_rating</th>\n      <td>0.380069</td>\n      <td>0.707566</td>\n      <td>-0.769157</td>\n      <td>-0.201907</td>\n      <td>0.747021</td>\n      <td>0.997735</td>\n      <td>0.998097</td>\n      <td>1.000000</td>\n      <td>0.994126</td>\n      <td>-0.166638</td>\n      <td>-0.486452</td>\n      <td>0.036300</td>\n      <td>0.010077</td>\n      <td>0.041470</td>\n      <td>0.709364</td>\n      <td>-0.246650</td>\n    </tr>\n    <tr>\n      <th>Producer_rating</th>\n      <td>0.376462</td>\n      <td>0.705819</td>\n      <td>-0.764873</td>\n      <td>-0.205397</td>\n      <td>0.746707</td>\n      <td>0.994073</td>\n      <td>0.994003</td>\n      <td>0.994126</td>\n      <td>1.000000</td>\n      <td>-0.167003</td>\n      <td>-0.487911</td>\n      <td>0.028988</td>\n      <td>0.005850</td>\n      <td>0.032542</td>\n      <td>0.703518</td>\n      <td>-0.248200</td>\n    </tr>\n    <tr>\n      <th>Critic_rating</th>\n      <td>-0.184985</td>\n      <td>-0.251565</td>\n      <td>0.145555</td>\n      <td>0.232361</td>\n      <td>-0.217830</td>\n      <td>-0.169978</td>\n      <td>-0.165992</td>\n      <td>-0.166638</td>\n      <td>-0.167003</td>\n      <td>1.000000</td>\n      <td>0.228641</td>\n      <td>-0.015033</td>\n      <td>-0.023655</td>\n      <td>-0.049797</td>\n      <td>-0.128769</td>\n      <td>0.341288</td>\n    </tr>\n    <tr>\n      <th>Trailer_views</th>\n      <td>-0.443457</td>\n      <td>-0.591657</td>\n      <td>0.581386</td>\n      <td>0.602536</td>\n      <td>-0.589318</td>\n      <td>-0.490267</td>\n      <td>-0.487536</td>\n      <td>-0.486452</td>\n      <td>-0.487911</td>\n      <td>0.228641</td>\n      <td>1.000000</td>\n      <td>0.075145</td>\n      <td>-0.006704</td>\n      <td>-0.049726</td>\n      <td>-0.544100</td>\n      <td>0.720119</td>\n    </tr>\n    <tr>\n      <th>Time_taken</th>\n      <td>0.026019</td>\n      <td>0.015888</td>\n      <td>0.035922</td>\n      <td>0.040773</td>\n      <td>-0.019984</td>\n      <td>0.038494</td>\n      <td>0.038432</td>\n      <td>0.036300</td>\n      <td>0.028988</td>\n      <td>-0.015033</td>\n      <td>0.075145</td>\n      <td>1.000000</td>\n      <td>-0.006390</td>\n      <td>0.072849</td>\n      <td>-0.057580</td>\n      <td>0.111092</td>\n    </tr>\n    <tr>\n      <th>Twitter_hastags</th>\n      <td>0.013518</td>\n      <td>-0.000839</td>\n      <td>0.004882</td>\n      <td>0.030674</td>\n      <td>0.009380</td>\n      <td>0.014463</td>\n      <td>0.010239</td>\n      <td>0.010077</td>\n      <td>0.005850</td>\n      <td>-0.023655</td>\n      <td>-0.006704</td>\n      <td>-0.006390</td>\n      <td>1.000000</td>\n      <td>-0.004840</td>\n      <td>0.006255</td>\n      <td>0.023122</td>\n    </tr>\n    <tr>\n      <th>Avg_age_actors</th>\n      <td>0.059204</td>\n      <td>0.055810</td>\n      <td>-0.092104</td>\n      <td>-0.064694</td>\n      <td>0.075198</td>\n      <td>0.036794</td>\n      <td>0.038005</td>\n      <td>0.041470</td>\n      <td>0.032542</td>\n      <td>-0.049797</td>\n      <td>-0.049726</td>\n      <td>0.072849</td>\n      <td>-0.004840</td>\n      <td>1.000000</td>\n      <td>0.078811</td>\n      <td>-0.047426</td>\n    </tr>\n    <tr>\n      <th>Num_multiplex</th>\n      <td>0.383298</td>\n      <td>0.707559</td>\n      <td>-0.915495</td>\n      <td>-0.282796</td>\n      <td>0.673896</td>\n      <td>0.706331</td>\n      <td>0.708257</td>\n      <td>0.709364</td>\n      <td>0.703518</td>\n      <td>-0.128769</td>\n      <td>-0.544100</td>\n      <td>-0.057580</td>\n      <td>0.006255</td>\n      <td>0.078811</td>\n      <td>1.000000</td>\n      <td>-0.391729</td>\n    </tr>\n    <tr>\n      <th>Collection</th>\n      <td>-0.389582</td>\n      <td>-0.484754</td>\n      <td>0.429300</td>\n      <td>0.696304</td>\n      <td>-0.377999</td>\n      <td>-0.251355</td>\n      <td>-0.249459</td>\n      <td>-0.246650</td>\n      <td>-0.248200</td>\n      <td>0.341288</td>\n      <td>0.720119</td>\n      <td>0.111092</td>\n      <td>0.023122</td>\n      <td>-0.047426</td>\n      <td>-0.391729</td>\n      <td>1.000000</td>\n    </tr>\n  </tbody>\n</table>\n</div>"
          },
          "metadata": {}
        }
      ]
    },
    {
      "metadata": {
        "trusted": false
      },
      "cell_type": "code",
      "source": "df['Time_taken'].mean()",
      "execution_count": 6,
      "outputs": [
        {
          "data": {
            "text/plain": "157.39149797570855"
          },
          "execution_count": 6,
          "metadata": {},
          "output_type": "execute_result"
        }
      ]
    },
    {
      "metadata": {
        "trusted": true
      },
      "cell_type": "code",
      "source": "",
      "execution_count": null,
      "outputs": []
    },
    {
      "metadata": {
        "trusted": false
      },
      "cell_type": "code",
      "source": "df['Time_taken'].fillna(value = df['Time_taken'].mean(), inplace = True)",
      "execution_count": 7,
      "outputs": []
    },
    {
      "metadata": {
        "trusted": false
      },
      "cell_type": "code",
      "source": "df.info()",
      "execution_count": 8,
      "outputs": [
        {
          "name": "stdout",
          "output_type": "stream",
          "text": "<class 'pandas.core.frame.DataFrame'>\nRangeIndex: 506 entries, 0 to 505\nData columns (total 18 columns):\nMarketing expense      506 non-null float64\nProduction expense     506 non-null float64\nMultiplex coverage     506 non-null float64\nBudget                 506 non-null float64\nMovie_length           506 non-null float64\nLead_ Actor_Rating     506 non-null float64\nLead_Actress_rating    506 non-null float64\nDirector_rating        506 non-null float64\nProducer_rating        506 non-null float64\nCritic_rating          506 non-null float64\nTrailer_views          506 non-null int64\n3D_available           506 non-null object\nTime_taken             506 non-null float64\nTwitter_hastags        506 non-null float64\nGenre                  506 non-null object\nAvg_age_actors         506 non-null int64\nNum_multiplex          506 non-null int64\nCollection             506 non-null int64\ndtypes: float64(12), int64(4), object(2)\nmemory usage: 71.2+ KB\n"
        }
      ]
    },
    {
      "metadata": {
        "trusted": true
      },
      "cell_type": "code",
      "source": "df.corr()",
      "execution_count": 7,
      "outputs": [
        {
          "output_type": "execute_result",
          "execution_count": 7,
          "data": {
            "text/plain": "                     Marketing expense  Production expense  \\\nMarketing expense             1.000000            0.406583   \nProduction expense            0.406583            1.000000   \nMultiplex coverage           -0.420972           -0.763651   \nBudget                       -0.219247           -0.391676   \nMovie_length                  0.352734            0.644779   \nLead_ Actor_Rating            0.380050            0.706481   \nLead_Actress_rating           0.379813            0.707956   \nDirector_rating               0.380069            0.707566   \nProducer_rating               0.376462            0.705819   \nCritic_rating                -0.184985           -0.251565   \nTrailer_views                -0.443457           -0.591657   \nTime_taken                    0.026019            0.015888   \nTwitter_hastags               0.013518           -0.000839   \nAvg_age_actors                0.059204            0.055810   \nNum_multiplex                 0.383298            0.707559   \nCollection                   -0.389582           -0.484754   \n\n                     Multiplex coverage    Budget  Movie_length  \\\nMarketing expense             -0.420972 -0.219247      0.352734   \nProduction expense            -0.763651 -0.391676      0.644779   \nMultiplex coverage             1.000000  0.302188     -0.731470   \nBudget                         0.302188  1.000000     -0.240265   \nMovie_length                  -0.731470 -0.240265      1.000000   \nLead_ Actor_Rating            -0.768589 -0.208464      0.746904   \nLead_Actress_rating           -0.769724 -0.203981      0.746493   \nDirector_rating               -0.769157 -0.201907      0.747021   \nProducer_rating               -0.764873 -0.205397      0.746707   \nCritic_rating                  0.145555  0.232361     -0.217830   \nTrailer_views                  0.581386  0.602536     -0.589318   \nTime_taken                     0.035922  0.040773     -0.019984   \nTwitter_hastags                0.004882  0.030674      0.009380   \nAvg_age_actors                -0.092104 -0.064694      0.075198   \nNum_multiplex                 -0.915495 -0.282796      0.673896   \nCollection                     0.429300  0.696304     -0.377999   \n\n                     Lead_ Actor_Rating  Lead_Actress_rating  Director_rating  \\\nMarketing expense              0.380050             0.379813         0.380069   \nProduction expense             0.706481             0.707956         0.707566   \nMultiplex coverage            -0.768589            -0.769724        -0.769157   \nBudget                        -0.208464            -0.203981        -0.201907   \nMovie_length                   0.746904             0.746493         0.747021   \nLead_ Actor_Rating             1.000000             0.997905         0.997735   \nLead_Actress_rating            0.997905             1.000000         0.998097   \nDirector_rating                0.997735             0.998097         1.000000   \nProducer_rating                0.994073             0.994003         0.994126   \nCritic_rating                 -0.169978            -0.165992        -0.166638   \nTrailer_views                 -0.490267            -0.487536        -0.486452   \nTime_taken                     0.038494             0.038432         0.036300   \nTwitter_hastags                0.014463             0.010239         0.010077   \nAvg_age_actors                 0.036794             0.038005         0.041470   \nNum_multiplex                  0.706331             0.708257         0.709364   \nCollection                    -0.251355            -0.249459        -0.246650   \n\n                     Producer_rating  Critic_rating  Trailer_views  \\\nMarketing expense           0.376462      -0.184985      -0.443457   \nProduction expense          0.705819      -0.251565      -0.591657   \nMultiplex coverage         -0.764873       0.145555       0.581386   \nBudget                     -0.205397       0.232361       0.602536   \nMovie_length                0.746707      -0.217830      -0.589318   \nLead_ Actor_Rating          0.994073      -0.169978      -0.490267   \nLead_Actress_rating         0.994003      -0.165992      -0.487536   \nDirector_rating             0.994126      -0.166638      -0.486452   \nProducer_rating             1.000000      -0.167003      -0.487911   \nCritic_rating              -0.167003       1.000000       0.228641   \nTrailer_views              -0.487911       0.228641       1.000000   \nTime_taken                  0.028988      -0.015033       0.075145   \nTwitter_hastags             0.005850      -0.023655      -0.006704   \nAvg_age_actors              0.032542      -0.049797      -0.049726   \nNum_multiplex               0.703518      -0.128769      -0.544100   \nCollection                 -0.248200       0.341288       0.720119   \n\n                     Time_taken  Twitter_hastags  Avg_age_actors  \\\nMarketing expense      0.026019         0.013518        0.059204   \nProduction expense     0.015888        -0.000839        0.055810   \nMultiplex coverage     0.035922         0.004882       -0.092104   \nBudget                 0.040773         0.030674       -0.064694   \nMovie_length          -0.019984         0.009380        0.075198   \nLead_ Actor_Rating     0.038494         0.014463        0.036794   \nLead_Actress_rating    0.038432         0.010239        0.038005   \nDirector_rating        0.036300         0.010077        0.041470   \nProducer_rating        0.028988         0.005850        0.032542   \nCritic_rating         -0.015033        -0.023655       -0.049797   \nTrailer_views          0.075145        -0.006704       -0.049726   \nTime_taken             1.000000        -0.006390        0.072849   \nTwitter_hastags       -0.006390         1.000000       -0.004840   \nAvg_age_actors         0.072849        -0.004840        1.000000   \nNum_multiplex         -0.057580         0.006255        0.078811   \nCollection             0.111092         0.023122       -0.047426   \n\n                     Num_multiplex  Collection  \nMarketing expense         0.383298   -0.389582  \nProduction expense        0.707559   -0.484754  \nMultiplex coverage       -0.915495    0.429300  \nBudget                   -0.282796    0.696304  \nMovie_length              0.673896   -0.377999  \nLead_ Actor_Rating        0.706331   -0.251355  \nLead_Actress_rating       0.708257   -0.249459  \nDirector_rating           0.709364   -0.246650  \nProducer_rating           0.703518   -0.248200  \nCritic_rating            -0.128769    0.341288  \nTrailer_views            -0.544100    0.720119  \nTime_taken               -0.057580    0.111092  \nTwitter_hastags           0.006255    0.023122  \nAvg_age_actors            0.078811   -0.047426  \nNum_multiplex             1.000000   -0.391729  \nCollection               -0.391729    1.000000  ",
            "text/html": "<div>\n<table border=\"1\" class=\"dataframe\">\n  <thead>\n    <tr style=\"text-align: right;\">\n      <th></th>\n      <th>Marketing expense</th>\n      <th>Production expense</th>\n      <th>Multiplex coverage</th>\n      <th>Budget</th>\n      <th>Movie_length</th>\n      <th>Lead_ Actor_Rating</th>\n      <th>Lead_Actress_rating</th>\n      <th>Director_rating</th>\n      <th>Producer_rating</th>\n      <th>Critic_rating</th>\n      <th>Trailer_views</th>\n      <th>Time_taken</th>\n      <th>Twitter_hastags</th>\n      <th>Avg_age_actors</th>\n      <th>Num_multiplex</th>\n      <th>Collection</th>\n    </tr>\n  </thead>\n  <tbody>\n    <tr>\n      <th>Marketing expense</th>\n      <td>1.000000</td>\n      <td>0.406583</td>\n      <td>-0.420972</td>\n      <td>-0.219247</td>\n      <td>0.352734</td>\n      <td>0.380050</td>\n      <td>0.379813</td>\n      <td>0.380069</td>\n      <td>0.376462</td>\n      <td>-0.184985</td>\n      <td>-0.443457</td>\n      <td>0.026019</td>\n      <td>0.013518</td>\n      <td>0.059204</td>\n      <td>0.383298</td>\n      <td>-0.389582</td>\n    </tr>\n    <tr>\n      <th>Production expense</th>\n      <td>0.406583</td>\n      <td>1.000000</td>\n      <td>-0.763651</td>\n      <td>-0.391676</td>\n      <td>0.644779</td>\n      <td>0.706481</td>\n      <td>0.707956</td>\n      <td>0.707566</td>\n      <td>0.705819</td>\n      <td>-0.251565</td>\n      <td>-0.591657</td>\n      <td>0.015888</td>\n      <td>-0.000839</td>\n      <td>0.055810</td>\n      <td>0.707559</td>\n      <td>-0.484754</td>\n    </tr>\n    <tr>\n      <th>Multiplex coverage</th>\n      <td>-0.420972</td>\n      <td>-0.763651</td>\n      <td>1.000000</td>\n      <td>0.302188</td>\n      <td>-0.731470</td>\n      <td>-0.768589</td>\n      <td>-0.769724</td>\n      <td>-0.769157</td>\n      <td>-0.764873</td>\n      <td>0.145555</td>\n      <td>0.581386</td>\n      <td>0.035922</td>\n      <td>0.004882</td>\n      <td>-0.092104</td>\n      <td>-0.915495</td>\n      <td>0.429300</td>\n    </tr>\n    <tr>\n      <th>Budget</th>\n      <td>-0.219247</td>\n      <td>-0.391676</td>\n      <td>0.302188</td>\n      <td>1.000000</td>\n      <td>-0.240265</td>\n      <td>-0.208464</td>\n      <td>-0.203981</td>\n      <td>-0.201907</td>\n      <td>-0.205397</td>\n      <td>0.232361</td>\n      <td>0.602536</td>\n      <td>0.040773</td>\n      <td>0.030674</td>\n      <td>-0.064694</td>\n      <td>-0.282796</td>\n      <td>0.696304</td>\n    </tr>\n    <tr>\n      <th>Movie_length</th>\n      <td>0.352734</td>\n      <td>0.644779</td>\n      <td>-0.731470</td>\n      <td>-0.240265</td>\n      <td>1.000000</td>\n      <td>0.746904</td>\n      <td>0.746493</td>\n      <td>0.747021</td>\n      <td>0.746707</td>\n      <td>-0.217830</td>\n      <td>-0.589318</td>\n      <td>-0.019984</td>\n      <td>0.009380</td>\n      <td>0.075198</td>\n      <td>0.673896</td>\n      <td>-0.377999</td>\n    </tr>\n    <tr>\n      <th>Lead_ Actor_Rating</th>\n      <td>0.380050</td>\n      <td>0.706481</td>\n      <td>-0.768589</td>\n      <td>-0.208464</td>\n      <td>0.746904</td>\n      <td>1.000000</td>\n      <td>0.997905</td>\n      <td>0.997735</td>\n      <td>0.994073</td>\n      <td>-0.169978</td>\n      <td>-0.490267</td>\n      <td>0.038494</td>\n      <td>0.014463</td>\n      <td>0.036794</td>\n      <td>0.706331</td>\n      <td>-0.251355</td>\n    </tr>\n    <tr>\n      <th>Lead_Actress_rating</th>\n      <td>0.379813</td>\n      <td>0.707956</td>\n      <td>-0.769724</td>\n      <td>-0.203981</td>\n      <td>0.746493</td>\n      <td>0.997905</td>\n      <td>1.000000</td>\n      <td>0.998097</td>\n      <td>0.994003</td>\n      <td>-0.165992</td>\n      <td>-0.487536</td>\n      <td>0.038432</td>\n      <td>0.010239</td>\n      <td>0.038005</td>\n      <td>0.708257</td>\n      <td>-0.249459</td>\n    </tr>\n    <tr>\n      <th>Director_rating</th>\n      <td>0.380069</td>\n      <td>0.707566</td>\n      <td>-0.769157</td>\n      <td>-0.201907</td>\n      <td>0.747021</td>\n      <td>0.997735</td>\n      <td>0.998097</td>\n      <td>1.000000</td>\n      <td>0.994126</td>\n      <td>-0.166638</td>\n      <td>-0.486452</td>\n      <td>0.036300</td>\n      <td>0.010077</td>\n      <td>0.041470</td>\n      <td>0.709364</td>\n      <td>-0.246650</td>\n    </tr>\n    <tr>\n      <th>Producer_rating</th>\n      <td>0.376462</td>\n      <td>0.705819</td>\n      <td>-0.764873</td>\n      <td>-0.205397</td>\n      <td>0.746707</td>\n      <td>0.994073</td>\n      <td>0.994003</td>\n      <td>0.994126</td>\n      <td>1.000000</td>\n      <td>-0.167003</td>\n      <td>-0.487911</td>\n      <td>0.028988</td>\n      <td>0.005850</td>\n      <td>0.032542</td>\n      <td>0.703518</td>\n      <td>-0.248200</td>\n    </tr>\n    <tr>\n      <th>Critic_rating</th>\n      <td>-0.184985</td>\n      <td>-0.251565</td>\n      <td>0.145555</td>\n      <td>0.232361</td>\n      <td>-0.217830</td>\n      <td>-0.169978</td>\n      <td>-0.165992</td>\n      <td>-0.166638</td>\n      <td>-0.167003</td>\n      <td>1.000000</td>\n      <td>0.228641</td>\n      <td>-0.015033</td>\n      <td>-0.023655</td>\n      <td>-0.049797</td>\n      <td>-0.128769</td>\n      <td>0.341288</td>\n    </tr>\n    <tr>\n      <th>Trailer_views</th>\n      <td>-0.443457</td>\n      <td>-0.591657</td>\n      <td>0.581386</td>\n      <td>0.602536</td>\n      <td>-0.589318</td>\n      <td>-0.490267</td>\n      <td>-0.487536</td>\n      <td>-0.486452</td>\n      <td>-0.487911</td>\n      <td>0.228641</td>\n      <td>1.000000</td>\n      <td>0.075145</td>\n      <td>-0.006704</td>\n      <td>-0.049726</td>\n      <td>-0.544100</td>\n      <td>0.720119</td>\n    </tr>\n    <tr>\n      <th>Time_taken</th>\n      <td>0.026019</td>\n      <td>0.015888</td>\n      <td>0.035922</td>\n      <td>0.040773</td>\n      <td>-0.019984</td>\n      <td>0.038494</td>\n      <td>0.038432</td>\n      <td>0.036300</td>\n      <td>0.028988</td>\n      <td>-0.015033</td>\n      <td>0.075145</td>\n      <td>1.000000</td>\n      <td>-0.006390</td>\n      <td>0.072849</td>\n      <td>-0.057580</td>\n      <td>0.111092</td>\n    </tr>\n    <tr>\n      <th>Twitter_hastags</th>\n      <td>0.013518</td>\n      <td>-0.000839</td>\n      <td>0.004882</td>\n      <td>0.030674</td>\n      <td>0.009380</td>\n      <td>0.014463</td>\n      <td>0.010239</td>\n      <td>0.010077</td>\n      <td>0.005850</td>\n      <td>-0.023655</td>\n      <td>-0.006704</td>\n      <td>-0.006390</td>\n      <td>1.000000</td>\n      <td>-0.004840</td>\n      <td>0.006255</td>\n      <td>0.023122</td>\n    </tr>\n    <tr>\n      <th>Avg_age_actors</th>\n      <td>0.059204</td>\n      <td>0.055810</td>\n      <td>-0.092104</td>\n      <td>-0.064694</td>\n      <td>0.075198</td>\n      <td>0.036794</td>\n      <td>0.038005</td>\n      <td>0.041470</td>\n      <td>0.032542</td>\n      <td>-0.049797</td>\n      <td>-0.049726</td>\n      <td>0.072849</td>\n      <td>-0.004840</td>\n      <td>1.000000</td>\n      <td>0.078811</td>\n      <td>-0.047426</td>\n    </tr>\n    <tr>\n      <th>Num_multiplex</th>\n      <td>0.383298</td>\n      <td>0.707559</td>\n      <td>-0.915495</td>\n      <td>-0.282796</td>\n      <td>0.673896</td>\n      <td>0.706331</td>\n      <td>0.708257</td>\n      <td>0.709364</td>\n      <td>0.703518</td>\n      <td>-0.128769</td>\n      <td>-0.544100</td>\n      <td>-0.057580</td>\n      <td>0.006255</td>\n      <td>0.078811</td>\n      <td>1.000000</td>\n      <td>-0.391729</td>\n    </tr>\n    <tr>\n      <th>Collection</th>\n      <td>-0.389582</td>\n      <td>-0.484754</td>\n      <td>0.429300</td>\n      <td>0.696304</td>\n      <td>-0.377999</td>\n      <td>-0.251355</td>\n      <td>-0.249459</td>\n      <td>-0.246650</td>\n      <td>-0.248200</td>\n      <td>0.341288</td>\n      <td>0.720119</td>\n      <td>0.111092</td>\n      <td>0.023122</td>\n      <td>-0.047426</td>\n      <td>-0.391729</td>\n      <td>1.000000</td>\n    </tr>\n  </tbody>\n</table>\n</div>"
          },
          "metadata": {}
        }
      ]
    },
    {
      "metadata": {
        "trusted": true
      },
      "cell_type": "code",
      "source": "sns.heatmap(df.corr())",
      "execution_count": 8,
      "outputs": [
        {
          "output_type": "execute_result",
